0 0.081250 0.631944 0.096875 0.238889
0 0.310156 0.545833 0.037500 0.088889
0 0.407031 0.648611 0.053125 0.147222
0 0.949609 0.620139 0.072656 0.218056
0 0.753906 0.512500 0.062500 0.172222
0 0.562891 0.533333 0.061719 0.152778
0 0.442188 0.571528 0.050000 0.101389
0 0.441016 0.491667 0.035156 0.075000
0 0.467187 0.462500 0.021875 0.055556
0 0.492188 0.478472 0.018750 0.051389
0 0.521484 0.482639 0.016406 0.054167
0 0.651953 0.552083 0.022656 0.076389
0 0.414062 0.470833 0.029687 0.044444
0 0.382812 0.490278 0.034375 0.041667
0 0.219141 0.580556 0.069531 0.108333
