0 0.066016 0.729861 0.099219 0.237500
0 0.410938 0.647917 0.053125 0.145833
0 0.587109 0.553472 0.064844 0.162500
0 0.760547 0.527083 0.067969 0.248611
0 0.964063 0.758333 0.067187 0.225000
0 0.237500 0.574306 0.054688 0.120833
0 0.328125 0.546528 0.035937 0.084722
0 0.377734 0.490972 0.027344 0.051389
0 0.451172 0.567361 0.042969 0.098611
0 0.647656 0.552778 0.042188 0.077778
0 0.530469 0.562500 0.031250 0.097222
0 0.445312 0.496528 0.046875 0.056944
0 0.411328 0.467361 0.027344 0.045833
0 0.466406 0.470833 0.021875 0.047222
