0 0.059766 0.523611 0.083594 0.213889
0 0.310937 0.631944 0.059375 0.127778
0 0.898828 0.552778 0.094531 0.286111
0 0.714063 0.423611 0.071875 0.161111
0 0.301172 0.436111 0.044531 0.086111
0 0.442969 0.420139 0.048438 0.093056
0 0.640625 0.408333 0.029687 0.072222
0 0.329297 0.381944 0.042969 0.066667
0 0.475391 0.344444 0.025781 0.052778
0 0.396484 0.347222 0.027344 0.044444
0 0.366016 0.365278 0.036719 0.044444
0 0.548828 0.365972 0.030469 0.037500
0 0.598828 0.349306 0.022656 0.051389
0 0.620703 0.365278 0.022656 0.069444
